   2       0 fd0 0 0 0 0 0 0 0 0 0 0 0
   8       0 sda 27154 7000 548418 87536 218940 128189 15645308 3153916 7 251652 3252968
   8       1 sda1 1090 5786 47900 1572 136 48 31380 4024 0 1224 5596
   8       2 sda2 2 0 4 12 0 0 0 0 0 12 12
   8       5 sda5 25883 1175 498770 85572 218804 128141 15613928 3149892 7 250408 3246980
  11       0 sr0 0 0 0 0 0 0 0 0 0 0 0
 254       0 dm-0 26267 0 492258 104672 347768 0 15614016 14886108 7 250432 14990792
 254       1 dm-1 132 0 1056 320 0 0 0 0 0 72 320
   7       0 loop0 0 0 0 0 0 0 0 0 0 0 0
   7       1 loop1 0 0 0 0 0 0 0 0 0 0 0
   7       2 loop2 0 0 0 0 0 0 0 0 0 0 0
   7       3 loop3 0 0 0 0 0 0 0 0 0 0 0
   7       4 loop4 0 0 0 0 0 0 0 0 0 0 0
   7       5 loop5 0 0 0 0 0 0 0 0 0 0 0
   7       6 loop6 0 0 0 0 0 0 0 0 0 0 0
   7       7 loop7 0 0 0 0 0 0 0 0 0 0 0
